50
300
1 2 5
1 3 8
1 4 6
1 5 10
1 6 5
1 7 9
1 8 9
1 9 22
1 10 8
1 11 7
1 12 4
1 13 6
1 14 7
1 15 8
1 16 10
1 17 7
1 18 7
1 19 5
1 20 8
1 21 8
1 22 7
1 23 7
1 24 7
1 25 8
1 26 6
1 27 6
1 28 7
1 29 9
1 30 5
1 31 14
1 32 5
1 33 1
1 34 3
1 35 8
1 36 4
1 37 22
1 38 13
1 39 16
1 40 6
1 41 13
1 42 23
1 43 4
1 44 8
1 45 1
1 46 11
1 47 72
1 48 8
1 49 6
1 50 9
2 3 3
2 4 8
2 5 13
2 6 1
2 7 3
2 8 10
2 9 17
2 10 2
2 11 3
2 12 4
2 13 6
2 14 2
2 15 2
2 16 15
2 17 3
2 18 2
2 19 1
2 20 10
2 21 3
2 22 15
2 23 2
2 24 2
2 25 3
2 26 2
2 27 1
2 28 6
2 29 12
2 30 7
2 31 16
2 32 6
2 33 8
2 34 15
2 35 15
2 36 10
2 37 20
2 38 27
2 39 15
2 40 3
2 41 3
2 42 5
2 43 4
2 44 13
2 45 6
2 46 23
2 47 87
2 48 39
2 49 5
2 50 2
3 4 8
3 5 16
3 6 3
3 7 4
3 8 6
3 9 21
3 10 2
3 11 3
3 12 5
3 13 5
3 14 3
3 15 3
3 16 17
3 17 2
3 18 3
3 19 3
3 20 9
3 21 1
3 22 17
3 23 3
3 24 1
3 25 2
3 26 3
3 27 4
3 28 10
3 29 13
3 30 10
3 31 11
3 32 7
3 33 9
3 34 16
3 35 15
3 36 12
3 37 18
3 38 20
3 39 12
3 40 9
3 41 10
3 42 9
3 43 5
3 44 4
3 45 8
3 46 20
3 47 80
3 48 42
3 49 3
3 50 4
4 5 16
4 6 3
4 7 4
4 8 6
4 9 21
4 10 3
